{
  "height": 35,
  "width": 595,
  "x": 146.40000915527344,
  "y": 1139.2000427246094
}