{
  "height": 24,
  "width": 24,
  "x": 150.40000915527344,
  "y": 1653.2000732421875
}