{
  "height": 35,
  "width": 595,
  "x": 150.40000915527344,
  "y": 1139.199966430664
}